[gd_scene load_steps=6 format=3 uid="uid://c70tf68b28jh2"]

[ext_resource type="Environment" uid="uid://c08ggry1ktclk" path="res://settings/environment.tres" id="1_b2nes"]
[ext_resource type="CameraAttributesPractical" uid="uid://cwy313surtqff" path="res://settings/camera_attributes_practical.tres" id="2_qda1p"]
[ext_resource type="PackedScene" uid="uid://byxx5mh7w060c" path="res://scenes/world/floor.tscn" id="3_c5bch"]
[ext_resource type="PackedScene" uid="uid://bngqaq86a1ndv" path="res://scenes/player.tscn" id="4_skhyq"]
[ext_resource type="PackedScene" uid="uid://deaql3r11eg7l" path="res://scenes/objects/kitchen_counter_clear.tscn" id="5_6ykht"]

[node name="Level_01" type="Node3D"]
transform = Transform3D(0.999995, -0.00264796, 0.00184739, 0.00264801, 0.999996, -2.8933e-05, -0.00184731, 3.37993e-05, 0.999998, 0, 0, 0)

[node name="DirectionalLight3D" type="DirectionalLight3D" parent="."]
transform = Transform3D(-0.617196, -0.665915, -0.419078, 0.0170351, -0.543815, 0.839032, -0.786625, 0.510709, 0.346984, 0, 0.983095, 0)
shadow_enabled = true

[node name="Camera3D" type="Camera3D" parent="."]
transform = Transform3D(1, -5.99683e-16, 2.42288e-16, 2.42288e-16, 0.694658, 0.71934, -5.99683e-16, -0.71934, 0.694658, 2.08165e-12, 21.5, 21.3)
environment = ExtResource("1_b2nes")
attributes = ExtResource("2_qda1p")
fov = 20.0

[node name="Floor" parent="." instance=ExtResource("3_c5bch")]

[node name="Player" parent="." instance=ExtResource("4_skhyq")]
transform = Transform3D(1, -3.48787e-16, 3.48787e-16, 3.48787e-16, 1, -3.48787e-16, -3.48787e-16, 3.48787e-16, 1, 0.001, 2.05844e-12, 2.07774e-12)

[node name="Kitchen Counter" parent="." instance=ExtResource("5_6ykht")]
transform = Transform3D(1, 1.93758e-10, 0, -8.62528e-11, 1, 3.63798e-12, 0, 0, 1, -2.6054, -4.311e-10, 0.328485)
